<Qucs Dataset 0.0.19>
<indep time 101>
  +0.00000000000000000000e+000
  +1.00000000000000002082e-003
  +2.00000000000000004163e-003
  +3.00000000000000006245e-003
  +4.00000000000000008327e-003
  +5.00000000000000010408e-003
  +6.00000000000000012490e-003
  +7.00000000000000014572e-003
  +8.00000000000000016653e-003
  +9.00000000000000105471e-003
  +1.00000000000000002082e-002
  +1.10000000000000010963e-002
  +1.20000000000000002498e-002
  +1.30000000000000011380e-002
  +1.40000000000000002914e-002
  +1.50000000000000011796e-002
  +1.60000000000000003331e-002
  +1.70000000000000012212e-002
  +1.80000000000000021094e-002
  +1.89999999999999995282e-002
  +2.00000000000000004163e-002
  +2.10000000000000013045e-002
  +2.20000000000000021927e-002
  +2.29999999999999996114e-002
  +2.40000000000000004996e-002
  +2.50000000000000013878e-002
  +2.60000000000000022760e-002
  +2.70000000000000031641e-002
  +2.80000000000000005829e-002
  +2.90000000000000014710e-002
  +3.00000000000000023592e-002
  +3.10000000000000032474e-002
  +3.20000000000000006661e-002
  +3.30000000000000015543e-002
  +3.40000000000000024425e-002
  +3.50000000000000033307e-002
  +3.60000000000000042188e-002
  +3.70000000000000051070e-002
  +3.79999999999999990563e-002
  +3.89999999999999999445e-002
  +4.00000000000000008327e-002
  +4.10000000000000017208e-002
  +4.20000000000000026090e-002
  +4.30000000000000034972e-002
  +4.40000000000000043854e-002
  +4.50000000000000052736e-002
  +4.59999999999999992228e-002
  +4.70000000000000001110e-002
  +4.80000000000000009992e-002
  +4.90000000000000018874e-002
  +5.00000000000000027756e-002
  +5.10000000000000036637e-002
  +5.20000000000000045519e-002
  +5.30000000000000054401e-002
  +5.40000000000000063283e-002
  +5.50000000000000002776e-002
  +5.60000000000000011657e-002
  +5.70000000000000020539e-002
  +5.80000000000000029421e-002
  +5.90000000000000038303e-002
  +6.00000000000000047184e-002
  +6.10000000000000056066e-002
  +6.20000000000000064948e-002
  +6.30000000000000004441e-002
  +6.40000000000000013323e-002
  +6.50000000000000022204e-002
  +6.60000000000000031086e-002
  +6.70000000000000039968e-002
  +6.80000000000000048850e-002
  +6.90000000000000057732e-002
  +7.00000000000000066613e-002
  +7.10000000000000075495e-002
  +7.20000000000000084377e-002
  +7.30000000000000093259e-002
  +7.40000000000000102141e-002
  +7.50000000000000111022e-002
  +7.59999999999999981126e-002
  +7.69999999999999990008e-002
  +7.79999999999999998890e-002
  +7.90000000000000007772e-002
  +8.00000000000000016653e-002
  +8.10000000000000025535e-002
  +8.20000000000000034417e-002
  +8.30000000000000043299e-002
  +8.40000000000000052180e-002
  +8.50000000000000061062e-002
  +8.60000000000000069944e-002
  +8.70000000000000078826e-002
  +8.80000000000000087708e-002
  +8.90000000000000096589e-002
  +9.00000000000000105471e-002
  +9.10000000000000114353e-002
  +9.19999999999999984457e-002
  +9.29999999999999993339e-002
  +9.40000000000000002220e-002
  +9.50000000000000011102e-002
  +9.60000000000000019984e-002
  +9.70000000000000028866e-002
  +9.80000000000000037748e-002
  +9.90000000000000046629e-002
  +1.00000000000000005551e-001
</indep>
<dep V1.It time>
  -1.65000000000000053308e-004
  -1.79500631031419527039e-004
  -1.79897564472066055991e-004
  -1.77065073492257621509e-004
  -1.72786945588388374424e-004
  -1.67717321785280964108e-004
  -1.62373650919383035645e-004
  -1.57287626273729477279e-004
  -1.52956610632241078078e-004
  -1.49804494528010817425e-004
  -1.48139821477229460247e-004
  -1.48125540312667446389e-004
  -1.49763048851483319794e-004
  -1.52886031308758590886e-004
  -1.57210803685109911602e-004
  -1.62286848040101992947e-004
  -1.67627027712099216459e-004
  -1.72709891939999075471e-004
  -1.77035966257875336007e-004
  -1.80187141278195713532e-004
  -1.81861794077412398767e-004
  -1.81876348933316083888e-004
  -1.80238747961583583744e-004
  -1.77119070692462079845e-004
  -1.72788961255149209079e-004
  -1.67716382015693646693e-004
  -1.62373389717621697875e-004
  -1.57286934868192270452e-004
  -1.52947322043341468354e-004
  -1.49810198795702884979e-004
  -1.48138899664998990001e-004
  -1.48123739188042242076e-004
  -1.49761263231876066461e-004
  -1.52902020918684354101e-004
  -1.57213720503843613473e-004
  -1.62283958629808175086e-004
  -1.67626244713431197565e-004
  -1.72709091723001863586e-004
  -1.77043795033337007967e-004
  -1.80205753158087911671e-004
  -1.81852497094541425788e-004
  -1.81875367998913286529e-004
  -1.80238623360197517146e-004
  -1.77109433319694363571e-004
  -1.72794788144105655953e-004
  -1.67717122165530032121e-004
  -1.62372591105034016568e-004
  -1.57290887845781574440e-004
  -1.52955917850123977340e-004
  -1.49802958948536205910e-004
  -1.48137980036748079455e-004
  -1.48123622373958038941e-004
  -1.49761248393782476270e-004
  -1.52902018864572292450e-004
  -1.57213720221637958145e-004
  -1.62283958593962526805e-004
  -1.67626244708464440308e-004
  -1.72709091722317786225e-004
  -1.77043795033246937872e-004
  -1.80205753158054382719e-004
  -1.81852497094611221303e-004
  -1.81875367998946273380e-004
  -1.80238623360201772640e-004
  -1.77109433319694363571e-004
  -1.72794788144105140957e-004
  -1.67717122165530899483e-004
  -1.62373483733792685563e-004
  -1.57286946810422840776e-004
  -1.52955417247367436630e-004
  -1.49802895360393777471e-004
  -1.48137971959581349942e-004
  -1.48123621347970340278e-004
  -1.49761248263457499115e-004
  -1.52902018846531168299e-004
  -1.57213720219159038298e-004
  -1.62283958593648731591e-004
  -1.67627536790812401617e-004
  -1.72711038081153878641e-004
  -1.77034683816112661152e-004
  -1.80186845348823208163e-004
  -1.81850354530288266935e-004
  -1.81874943526997336898e-004
  -1.80238569442434142442e-004
  -1.77109426470888851055e-004
  -1.72794787274148256648e-004
  -1.67717122055023809893e-004
  -1.62373483719754246098e-004
  -1.57286946808640412405e-004
  -1.52955417247141136532e-004
  -1.49802895360364504013e-004
  -1.48137971959577501024e-004
  -1.48123621347969716862e-004
  -1.49749596542166052947e-004
  -1.52884193872341190429e-004
  -1.57212312068267086535e-004
  -1.62287974775684838832e-004
  -1.67626991483326006965e-004
  -1.72708565760964512627e-004
  -1.77035531045906116901e-004
  -1.80184369018738697269e-004
  -1.81854873689049720709e-004
</dep>
<dep Pr2.It time>
  +0.00000000000000000000e+000
  +1.54508497187473697876e-002
  +2.93892626146236568552e-002
  +4.04508497187473781143e-002
  +4.75528258147576779469e-002
  +5.00000000000000027756e-002
  +4.75528258147576848858e-002
  +4.04508497187473781143e-002
  +2.93892626146236637941e-002
  +1.54508497187473559098e-002
  +6.12303176911188644513e-018
  -1.54508497187473871348e-002
  -2.93892626146236533857e-002
  -4.04508497187473711754e-002
  -4.75528258147576779469e-002
  -5.00000000000000027756e-002
  -4.75528258147576848858e-002
  -4.04508497187473781143e-002
  -2.93892626146236290996e-002
  -1.54508497187473819307e-002
  -1.22460635382237728903e-017
  +1.54508497187473593792e-002
  +2.93892626146236811413e-002
  +4.04508497187473642365e-002
  +4.75528258147576779469e-002
  +5.00000000000000027756e-002
  +4.75528258147576848858e-002
  +4.04508497187473295420e-002
  +2.93892626146236707330e-002
  +1.54508497187473906043e-002
  +1.83690953073356601058e-017
  -1.54508497187474374418e-002
  -2.93892626146236429774e-002
  -4.04508497187473642365e-002
  -4.75528258147576710080e-002
  -5.00000000000000027756e-002
  -4.75528258147576640691e-002
  -4.04508497187473364809e-002
  -2.93892626146236742024e-002
  -1.54508497187473958084e-002
  -2.44921270764475457805e-017
  +1.54508497187473489709e-002
  +2.93892626146236360385e-002
  +4.04508497187474058698e-002
  +4.75528258147576987636e-002
  +5.00000000000000027756e-002
  +4.75528258147576918247e-002
  +4.04508497187473919920e-002
  +2.93892626146236811413e-002
  +1.54508497187474010126e-002
  +3.06151588455594314553e-017
  -1.54508497187474252987e-002
  -2.93892626146236290996e-002
  -4.04508497187474058698e-002
  -4.75528258147577265191e-002
  -5.00000000000000027756e-002
  -4.75528258147576918247e-002
  -4.04508497187473434198e-002
  -2.93892626146236846107e-002
  -1.54508497187473212153e-002
  -3.67381906146713202115e-017
  +1.54508497187474200946e-002
  +2.93892626146237678775e-002
  +4.04508497187474058698e-002
  +4.75528258147576710080e-002
  +5.00000000000000027756e-002
  +4.75528258147576987636e-002
  +4.04508497187473503587e-002
  +2.93892626146236915496e-002
  +1.54508497187473281542e-002
  -1.34774461556241847361e-016
  -1.54508497187474148904e-002
  -2.93892626146237644080e-002
  -4.04508497187473989309e-002
  -4.75528258147577265191e-002
  -5.00000000000000027756e-002
  -4.75528258147576987636e-002
  -4.04508497187474544421e-002
  -2.93892626146236984885e-002
  -1.54508497187473350931e-002
  -4.89842541528950915611e-017
  +1.54508497187474096862e-002
  +2.93892626146236186913e-002
  +4.04508497187473989309e-002
  +4.75528258147576710080e-002
  +5.00000000000000027756e-002
  +4.75528258147576432524e-002
  +4.04508497187473503587e-002
  +2.93892626146235597107e-002
  +1.54508497187473402973e-002
  -1.22528398018018069848e-016
  -1.54508497187475727502e-002
  -2.93892626146236152218e-002
  -4.04508497187472879086e-002
  -4.75528258147576640691e-002
  -5.00000000000000027756e-002
  -4.75528258147576987636e-002
  -4.04508497187473572976e-002
  -2.93892626146237088969e-002
  -1.54508497187473455015e-002
  -6.12303176911188629106e-017
</dep>
<dep Pr1.It time>
  +1.65000000000000053308e-004
  +1.79500631031419527039e-004
  +1.79897564472066055991e-004
  +1.77065073492257621509e-004
  +1.72786945588388374424e-004
  +1.67717321785280964108e-004
  +1.62373650919383035645e-004
  +1.57287626273729477279e-004
  +1.52956610632241078078e-004
  +1.49804494528010817425e-004
  +1.48139821477229460247e-004
  +1.48125540312667446389e-004
  +1.49763048851483319794e-004
  +1.52886031308758590886e-004
  +1.57210803685109911602e-004
  +1.62286848040101992947e-004
  +1.67627027712099216459e-004
  +1.72709891939999075471e-004
  +1.77035966257875336007e-004
  +1.80187141278195713532e-004
  +1.81861794077412398767e-004
  +1.81876348933316083888e-004
  +1.80238747961583583744e-004
  +1.77119070692462079845e-004
  +1.72788961255149209079e-004
  +1.67716382015693646693e-004
  +1.62373389717621697875e-004
  +1.57286934868192270452e-004
  +1.52947322043341468354e-004
  +1.49810198795702884979e-004
  +1.48138899664998990001e-004
  +1.48123739188042242076e-004
  +1.49761263231876066461e-004
  +1.52902020918684354101e-004
  +1.57213720503843613473e-004
  +1.62283958629808175086e-004
  +1.67626244713431197565e-004
  +1.72709091723001863586e-004
  +1.77043795033337007967e-004
  +1.80205753158087911671e-004
  +1.81852497094541425788e-004
  +1.81875367998913286529e-004
  +1.80238623360197517146e-004
  +1.77109433319694363571e-004
  +1.72794788144105655953e-004
  +1.67717122165530032121e-004
  +1.62372591105034016568e-004
  +1.57290887845781574440e-004
  +1.52955917850123977340e-004
  +1.49802958948536205910e-004
  +1.48137980036748079455e-004
  +1.48123622373958038941e-004
  +1.49761248393782476270e-004
  +1.52902018864572292450e-004
  +1.57213720221637958145e-004
  +1.62283958593962526805e-004
  +1.67626244708464440308e-004
  +1.72709091722317786225e-004
  +1.77043795033246937872e-004
  +1.80205753158054382719e-004
  +1.81852497094611221303e-004
  +1.81875367998946273380e-004
  +1.80238623360201772640e-004
  +1.77109433319694363571e-004
  +1.72794788144105140957e-004
  +1.67717122165530899483e-004
  +1.62373483733792685563e-004
  +1.57286946810422840776e-004
  +1.52955417247367436630e-004
  +1.49802895360393777471e-004
  +1.48137971959581349942e-004
  +1.48123621347970340278e-004
  +1.49761248263457499115e-004
  +1.52902018846531168299e-004
  +1.57213720219159038298e-004
  +1.62283958593648731591e-004
  +1.67627536790812401617e-004
  +1.72711038081153878641e-004
  +1.77034683816112661152e-004
  +1.80186845348823208163e-004
  +1.81850354530288266935e-004
  +1.81874943526997336898e-004
  +1.80238569442434142442e-004
  +1.77109426470888851055e-004
  +1.72794787274148256648e-004
  +1.67717122055023809893e-004
  +1.62373483719754246098e-004
  +1.57286946808640412405e-004
  +1.52955417247141136532e-004
  +1.49802895360364504013e-004
  +1.48137971959577501024e-004
  +1.48123621347969716862e-004
  +1.49749596542166052947e-004
  +1.52884193872341190429e-004
  +1.57212312068267086535e-004
  +1.62287974775684838832e-004
  +1.67626991483326006965e-004
  +1.72708565760964512627e-004
  +1.77035531045906116901e-004
  +1.80184369018738697269e-004
  +1.81854873689049720709e-004
</dep>
<dep Pr3.It time>
  +8.67166761030452119550e-020
  +2.90012620628390626579e-005
  +2.97951289441317038219e-005
  +2.41301469845147942013e-005
  +1.55738911767763034194e-005
  +5.43464357056147770420e-006
  -5.25269816123352033081e-006
  -1.54247474525414671545e-005
  -2.40867787355182553914e-005
  -3.03910109439788173546e-005
  -3.37203570455411183590e-005
  -3.37489193746651189700e-005
  -3.04739022970337922885e-005
  -2.42279373824833957937e-005
  -1.55783926297792940782e-005
  -5.42630391979643412353e-006
  +5.25405542419971712984e-006
  +1.54197838799982238974e-005
  +2.40719325157506738172e-005
  +3.03742825563914051505e-005
  +3.37235881548248061135e-005
  +3.37526978666317155711e-005
  +3.04774959231658546964e-005
  +2.42381413849254828663e-005
  +1.55779225102979964463e-005
  +5.43276403138514626679e-006
  -5.25322056475701071592e-006
  -1.54261302636159011367e-005
  -2.41053559133157706089e-005
  -3.03796024085942519553e-005
  -3.37222006700020181941e-005
  -3.37525216239150532577e-005
  -3.04774735362474248168e-005
  -2.41959581626317101226e-005
  -1.55725589923123578970e-005
  -5.43208274038236646209e-006
  +5.25248942686239354643e-006
  +1.54181834460041762092e-005
  +2.40875900666735874459e-005
  +3.04115063161758014296e-005
  +3.37049941890828262756e-005
  +3.37507359978265748628e-005
  +3.04772467203937350542e-005
  +2.42188666393865334372e-005
  +1.55895762882091588582e-005
  +5.43424433105791712407e-006
  -5.25481778993239196469e-006
  -1.54182243084364054714e-005
  -2.40881642997524907492e-005
  -3.03940821029275931521e-005
  -3.37240399265037918528e-005
  -3.37527552520834866340e-005
  -3.04775032124337513892e-005
  -2.41959622708549728395e-005
  -1.55725595567245257516e-005
  -5.43208281207501827726e-006
  +5.25248941692930508958e-006
  +1.54181834446362654332e-005
  +2.40875900664934574193e-005
  +3.04115063161087469134e-005
  +3.37049941892224308579e-005
  +3.37507359978925621175e-005
  +3.04772467204030998505e-005
  +2.42188666393865334372e-005
  +1.55895762882080983730e-005
  +5.43424433105965184755e-006
  -5.25303253241678276862e-006
  -1.54261063791564579425e-005
  -2.40891655052655552277e-005
  -3.03942092792124635820e-005
  -3.37240560808373118643e-005
  -3.37527573040588636300e-005
  -3.04775034730837158646e-005
  -2.41959623069372279161e-005
  -1.55725595616823654459e-005
  -5.43208281270125345209e-006
  +5.25507358162173369672e-006
  +1.54220761623080470780e-005
  +2.40693676322253308848e-005
  +3.03736906976465299379e-005
  +3.37007090605765560038e-005
  +3.37498870539946552714e-005
  +3.04771388848669754813e-005
  +2.42188529417772499043e-005
  +1.55895745482943297560e-005
  +5.43424411004720739072e-006
  -5.25303256049193036272e-006
  -1.54261063827195799621e-005
  -2.40891655057181418721e-005
  -3.03942092792714136870e-005
  -3.37240560808449961472e-005
  -3.37527573040601172388e-005
  -3.05008069156699793915e-005
  -2.42316122553176207263e-005
  -1.55753758634661436107e-005
  -5.42405044863029342679e-006
  +5.25398296665202251031e-006
  +1.54171315219290338346e-005
  +2.40710620918122457704e-005
  +3.03687380374774098949e-005
  +3.37097473780994567752e-005
</dep>
<dep _net1.Vt time>
  +1.64999999999999946709e+000
  +1.50499368968580515826e+000
  +1.50102435527934074955e+000
  +1.52934926507742297019e+000
  +1.57213054411611752315e+000
  +1.62282678214718956156e+000
  +1.67626349080616976472e+000
  +1.72712373726270818075e+000
  +1.77043389367758852160e+000
  +1.80195505471989192436e+000
  +1.81860178522770543630e+000
  +1.81874459687332601376e+000
  +1.80236951148516832966e+000
  +1.77113968691241563391e+000
  +1.72789196314889781370e+000
  +1.67713151959898132404e+000
  +1.62372972287900707578e+000
  +1.57290108060000921597e+000
  +1.52964033742124660975e+000
  +1.49812858721804231799e+000
  +1.48138205922587595786e+000
  +1.48123651066684081101e+000
  +1.49761252038416659005e+000
  +1.52880929307538071527e+000
  +1.57211038744850939430e+000
  +1.62283617984306571813e+000
  +1.67626610282378352146e+000
  +1.72713065131807730346e+000
  +1.77052677956658155445e+000
  +1.80189801204297128656e+000
  +1.81861100335001002470e+000
  +1.81876260811957646268e+000
  +1.80238736768123652965e+000
  +1.77097979081315504146e+000
  +1.72786279496156192081e+000
  +1.67716041370191804027e+000
  +1.62373755286568743905e+000
  +1.57290908276998120385e+000
  +1.52956204966663067424e+000
  +1.49794246841912070956e+000
  +1.48147502905458572364e+000
  +1.48124632001086697919e+000
  +1.49761376639802668009e+000
  +1.52890566680305917124e+000
  +1.57205211855894733119e+000
  +1.62282877834470551370e+000
  +1.67627408894965701514e+000
  +1.72709112154218424884e+000
  +1.77044082149876036425e+000
  +1.80197041051463746619e+000
  +1.81862019963251886345e+000
  +1.81876377626041940694e+000
  +1.80238751606217362244e+000
  +1.77097981135427429145e+000
  +1.72786279778361873127e+000
  +1.67716041406036953099e+000
  +1.62373755291535437628e+000
  +1.57290908277681862337e+000
  +1.52956204966753062102e+000
  +1.49794246841945644100e+000
  +1.48147502905388783745e+000
  +1.48124632001053790908e+000
  +1.49761376639798293731e+000
  +1.52890566680305917124e+000
  +1.57205211855895110595e+000
  +1.62282877834469374534e+000
  +1.67626516266207903350e+000
  +1.72713053189577436797e+000
  +1.77044582752632617684e+000
  +1.80197104639606187071e+000
  +1.81862028040418644004e+000
  +1.81876378652029635496e+000
  +1.80238751736542202053e+000
  +1.77097981153468708726e+000
  +1.72786279780840779097e+000
  +1.67716041406351190624e+000
  +1.62372463209187634092e+000
  +1.57288961918846004195e+000
  +1.52965316183887400925e+000
  +1.49813154651176749788e+000
  +1.48149645469711721546e+000
  +1.48125056473002736368e+000
  +1.49761430557566121990e+000
  +1.52890573529110951334e+000
  +1.57205212725852283562e+000
  +1.62282877944976022810e+000
  +1.67626516280245652091e+000
  +1.72713053191359477978e+000
  +1.77044582752858969954e+000
  +1.80197104639635630186e+000
  +1.81862028040422485375e+000
  +1.81876378652030168404e+000
  +1.80250403457834207366e+000
  +1.77115806127658736990e+000
  +1.72787687931732958369e+000
  +1.67712025224315341987e+000
  +1.62373008516674222079e+000
  +1.57291434239035554654e+000
  +1.52964468954093946174e+000
  +1.49815630981261338484e+000
  +1.48145126310950270287e+000
</dep>
<dep bias.Vt time>
  +1.64999999999999946709e+000
  +1.50499368968580515826e+000
  +1.50102435527934074955e+000
  +1.52934926507742297019e+000
  +1.57213054411611752315e+000
  +1.62282678214718956156e+000
  +1.67626349080616976472e+000
  +1.72712373726270818075e+000
  +1.77043389367758852160e+000
  +1.80195505471989192436e+000
  +1.81860178522770543630e+000
  +1.81874459687332601376e+000
  +1.80236951148516832966e+000
  +1.77113968691241563391e+000
  +1.72789196314889781370e+000
  +1.67713151959898132404e+000
  +1.62372972287900707578e+000
  +1.57290108060000921597e+000
  +1.52964033742124660975e+000
  +1.49812858721804231799e+000
  +1.48138205922587595786e+000
  +1.48123651066684081101e+000
  +1.49761252038416659005e+000
  +1.52880929307538071527e+000
  +1.57211038744850939430e+000
  +1.62283617984306571813e+000
  +1.67626610282378352146e+000
  +1.72713065131807730346e+000
  +1.77052677956658155445e+000
  +1.80189801204297128656e+000
  +1.81861100335001002470e+000
  +1.81876260811957646268e+000
  +1.80238736768123652965e+000
  +1.77097979081315504146e+000
  +1.72786279496156192081e+000
  +1.67716041370191804027e+000
  +1.62373755286568743905e+000
  +1.57290908276998120385e+000
  +1.52956204966663067424e+000
  +1.49794246841912070956e+000
  +1.48147502905458572364e+000
  +1.48124632001086697919e+000
  +1.49761376639802668009e+000
  +1.52890566680305917124e+000
  +1.57205211855894733119e+000
  +1.62282877834470551370e+000
  +1.67627408894965701514e+000
  +1.72709112154218424884e+000
  +1.77044082149876036425e+000
  +1.80197041051463746619e+000
  +1.81862019963251886345e+000
  +1.81876377626041940694e+000
  +1.80238751606217362244e+000
  +1.77097981135427429145e+000
  +1.72786279778361873127e+000
  +1.67716041406036953099e+000
  +1.62373755291535437628e+000
  +1.57290908277681862337e+000
  +1.52956204966753062102e+000
  +1.49794246841945644100e+000
  +1.48147502905388783745e+000
  +1.48124632001053790908e+000
  +1.49761376639798293731e+000
  +1.52890566680305917124e+000
  +1.57205211855895110595e+000
  +1.62282877834469374534e+000
  +1.67626516266207903350e+000
  +1.72713053189577436797e+000
  +1.77044582752632617684e+000
  +1.80197104639606187071e+000
  +1.81862028040418644004e+000
  +1.81876378652029635496e+000
  +1.80238751736542202053e+000
  +1.77097981153468708726e+000
  +1.72786279780840779097e+000
  +1.67716041406351190624e+000
  +1.62372463209187634092e+000
  +1.57288961918846004195e+000
  +1.52965316183887400925e+000
  +1.49813154651176749788e+000
  +1.48149645469711721546e+000
  +1.48125056473002736368e+000
  +1.49761430557566121990e+000
  +1.52890573529110951334e+000
  +1.57205212725852283562e+000
  +1.62282877944976022810e+000
  +1.67626516280245652091e+000
  +1.72713053191359477978e+000
  +1.77044582752858969954e+000
  +1.80197104639635630186e+000
  +1.81862028040422485375e+000
  +1.81876378652030168404e+000
  +1.80250403457834207366e+000
  +1.77115806127658736990e+000
  +1.72787687931732958369e+000
  +1.67712025224315341987e+000
  +1.62373008516674222079e+000
  +1.57291434239035554654e+000
  +1.52964468954093946174e+000
  +1.49815630981261338484e+000
  +1.48145126310950270287e+000
</dep>
<dep _net0.Vt time>
  +3.29999999999999982236e+000
  +3.29999999999999982236e+000
  +3.29999999999999982236e+000
  +3.29999999999999982236e+000
  +3.29999999999999982236e+000
  +3.29999999999999982236e+000
  +3.29999999999999982236e+000
  +3.29999999999999982236e+000
  +3.29999999999999982236e+000
  +3.29999999999999982236e+000
  +3.29999999999999982236e+000
  +3.29999999999999982236e+000
  +3.29999999999999982236e+000
  +3.29999999999999982236e+000
  +3.29999999999999982236e+000
  +3.29999999999999982236e+000
  +3.29999999999999982236e+000
  +3.29999999999999982236e+000
  +3.29999999999999982236e+000
  +3.29999999999999982236e+000
  +3.29999999999999982236e+000
  +3.29999999999999982236e+000
  +3.29999999999999982236e+000
  +3.29999999999999982236e+000
  +3.29999999999999982236e+000
  +3.29999999999999982236e+000
  +3.29999999999999982236e+000
  +3.29999999999999982236e+000
  +3.29999999999999982236e+000
  +3.29999999999999982236e+000
  +3.29999999999999982236e+000
  +3.29999999999999982236e+000
  +3.29999999999999982236e+000
  +3.29999999999999982236e+000
  +3.29999999999999982236e+000
  +3.29999999999999982236e+000
  +3.29999999999999982236e+000
  +3.29999999999999982236e+000
  +3.29999999999999982236e+000
  +3.29999999999999982236e+000
  +3.29999999999999982236e+000
  +3.29999999999999982236e+000
  +3.29999999999999982236e+000
  +3.29999999999999982236e+000
  +3.29999999999999982236e+000
  +3.29999999999999982236e+000
  +3.29999999999999982236e+000
  +3.29999999999999982236e+000
  +3.29999999999999982236e+000
  +3.29999999999999982236e+000
  +3.29999999999999982236e+000
  +3.29999999999999982236e+000
  +3.29999999999999982236e+000
  +3.29999999999999982236e+000
  +3.29999999999999982236e+000
  +3.29999999999999982236e+000
  +3.29999999999999982236e+000
  +3.29999999999999982236e+000
  +3.29999999999999982236e+000
  +3.29999999999999982236e+000
  +3.29999999999999982236e+000
  +3.29999999999999982236e+000
  +3.29999999999999982236e+000
  +3.29999999999999982236e+000
  +3.29999999999999982236e+000
  +3.29999999999999982236e+000
  +3.29999999999999982236e+000
  +3.29999999999999982236e+000
  +3.29999999999999982236e+000
  +3.29999999999999982236e+000
  +3.29999999999999982236e+000
  +3.29999999999999982236e+000
  +3.29999999999999982236e+000
  +3.29999999999999982236e+000
  +3.29999999999999982236e+000
  +3.29999999999999982236e+000
  +3.29999999999999982236e+000
  +3.29999999999999982236e+000
  +3.29999999999999982236e+000
  +3.29999999999999982236e+000
  +3.29999999999999982236e+000
  +3.29999999999999982236e+000
  +3.29999999999999982236e+000
  +3.29999999999999982236e+000
  +3.29999999999999982236e+000
  +3.29999999999999982236e+000
  +3.29999999999999982236e+000
  +3.29999999999999982236e+000
  +3.29999999999999982236e+000
  +3.29999999999999982236e+000
  +3.29999999999999982236e+000
  +3.29999999999999982236e+000
  +3.29999999999999982236e+000
  +3.29999999999999982236e+000
  +3.29999999999999982236e+000
  +3.29999999999999982236e+000
  +3.29999999999999982236e+000
  +3.29999999999999982236e+000
  +3.29999999999999982236e+000
  +3.29999999999999982236e+000
  +3.29999999999999982236e+000
</dep>
<dep _net2.Vt time>
  +3.29999999999999982236e+000
  +3.29999999999999982236e+000
  +3.29999999999999982236e+000
  +3.29999999999999982236e+000
  +3.29999999999999982236e+000
  +3.29999999999999982236e+000
  +3.29999999999999982236e+000
  +3.29999999999999982236e+000
  +3.29999999999999982236e+000
  +3.29999999999999982236e+000
  +3.29999999999999982236e+000
  +3.29999999999999982236e+000
  +3.29999999999999982236e+000
  +3.29999999999999982236e+000
  +3.29999999999999982236e+000
  +3.29999999999999982236e+000
  +3.29999999999999982236e+000
  +3.29999999999999982236e+000
  +3.29999999999999982236e+000
  +3.29999999999999982236e+000
  +3.29999999999999982236e+000
  +3.29999999999999982236e+000
  +3.29999999999999982236e+000
  +3.29999999999999982236e+000
  +3.29999999999999982236e+000
  +3.29999999999999982236e+000
  +3.29999999999999982236e+000
  +3.29999999999999982236e+000
  +3.29999999999999982236e+000
  +3.29999999999999982236e+000
  +3.29999999999999982236e+000
  +3.29999999999999982236e+000
  +3.29999999999999982236e+000
  +3.29999999999999982236e+000
  +3.29999999999999982236e+000
  +3.29999999999999982236e+000
  +3.29999999999999982236e+000
  +3.29999999999999982236e+000
  +3.29999999999999982236e+000
  +3.29999999999999982236e+000
  +3.29999999999999982236e+000
  +3.29999999999999982236e+000
  +3.29999999999999982236e+000
  +3.29999999999999982236e+000
  +3.29999999999999982236e+000
  +3.29999999999999982236e+000
  +3.29999999999999982236e+000
  +3.29999999999999982236e+000
  +3.29999999999999982236e+000
  +3.29999999999999982236e+000
  +3.29999999999999982236e+000
  +3.29999999999999982236e+000
  +3.29999999999999982236e+000
  +3.29999999999999982236e+000
  +3.29999999999999982236e+000
  +3.29999999999999982236e+000
  +3.29999999999999982236e+000
  +3.29999999999999982236e+000
  +3.29999999999999982236e+000
  +3.29999999999999982236e+000
  +3.29999999999999982236e+000
  +3.29999999999999982236e+000
  +3.29999999999999982236e+000
  +3.29999999999999982236e+000
  +3.29999999999999982236e+000
  +3.29999999999999982236e+000
  +3.29999999999999982236e+000
  +3.29999999999999982236e+000
  +3.29999999999999982236e+000
  +3.29999999999999982236e+000
  +3.29999999999999982236e+000
  +3.29999999999999982236e+000
  +3.29999999999999982236e+000
  +3.29999999999999982236e+000
  +3.29999999999999982236e+000
  +3.29999999999999982236e+000
  +3.29999999999999982236e+000
  +3.29999999999999982236e+000
  +3.29999999999999982236e+000
  +3.29999999999999982236e+000
  +3.29999999999999982236e+000
  +3.29999999999999982236e+000
  +3.29999999999999982236e+000
  +3.29999999999999982236e+000
  +3.29999999999999982236e+000
  +3.29999999999999982236e+000
  +3.29999999999999982236e+000
  +3.29999999999999982236e+000
  +3.29999999999999982236e+000
  +3.29999999999999982236e+000
  +3.29999999999999982236e+000
  +3.29999999999999982236e+000
  +3.29999999999999982236e+000
  +3.29999999999999982236e+000
  +3.29999999999999982236e+000
  +3.29999999999999982236e+000
  +3.29999999999999982236e+000
  +3.29999999999999982236e+000
  +3.29999999999999982236e+000
  +3.29999999999999982236e+000
  +3.29999999999999982236e+000
</dep>
<dep _net3.Vt time>
  +1.64999999999999946709e+000
  +1.84427435573286491177e+000
  +2.14693263996429006824e+000
  +2.41873709565620576001e+000
  +2.61795008643489746092e+000
  +2.72270721998863729496e+000
  +2.72254121809038585056e+000
  +2.61738177551910622398e+000
  +2.41752758033149062200e+000
  +2.14254235077310140056e+000
  +1.81934363308270752313e+000
  +1.47956837928712614527e+000
  +1.15647615981398277363e+000
  +8.81754007722388211121e-001
  +6.82072519862084059028e-001
  +5.77250898285216806904e-001
  +5.77451965735005678937e-001
  +6.82643151542206894078e-001
  +8.82546977384180308945e-001
  +1.15754165918935925106e+000
  +1.48064014028646950827e+000
  +1.82041264512621681071e+000
  +2.14350579299557786328e+000
  +2.41819474777735443638e+000
  +2.61792984107795190241e+000
  +2.72271665903437520839e+000
  +2.72254384160087736788e+000
  +2.61738871999631816934e+000
  +2.41762087491839494646e+000
  +2.14248505710840309035e+000
  +1.81935289176475056827e+000
  +1.47958646978285890405e+000
  +1.15649409457731389139e+000
  +8.81593408080290963369e-001
  +6.82043223334724113549e-001
  +5.77279919522206252935e-001
  +5.77459830173627897132e-001
  +6.82651188921727714032e-001
  +8.82468345163442968726e-001
  +1.15735472146772222501e+000
  +1.48073351918242535064e+000
  +1.82042249763135632890e+000
  +2.14350704449189777279e+000
  +2.41829154554943581701e+000
  +2.61787131580527621111e+000
  +2.72270922496942224811e+000
  +2.72255186286570483034e+000
  +2.61734901628941241114e+000
  +2.41753453863507594690e+000
  +2.14255777413334458359e+000
  +1.81936212851090250986e+000
  +1.47958764306352197337e+000
  +1.15649424361112740378e+000
  +8.81593428711790250141e-001
  +6.82043226169196770137e-001
  +5.77279919882235037498e-001
  +5.77459830223512771141e-001
  +6.82651188928595109573e-001
  +8.82468345164346690268e-001
  +1.15735472146806106508e+000
  +1.48073351918172413377e+000
  +1.82042249763102748084e+000
  +2.14350704449185691658e+000
  +2.41829154554943537292e+000
  +2.61787131580527931973e+000
  +2.72270922496941025770e+000
  +2.72254289730246146206e+000
  +2.61738860004855755648e+000
  +2.41753956668916325512e+000
  +2.14255841281264558518e+000
  +1.81936220963796180250e+000
  +1.47958765336854258798e+000
  +1.15649424492010699517e+000
  +8.81593428892996966439e-001
  +6.82043226194094853732e-001
  +5.77279919885391290535e-001
  +5.77446852548411215800e-001
  +6.82631639700445269625e-001
  +8.82559858229243654471e-001
  +1.15754463150397790550e+000
  +1.48075503909778349865e+000
  +1.82042676102728240295e+000
  +2.14350758604191371504e+000
  +2.41829161433883310650e+000
  +2.61787132454312931884e+000
  +2.72270922607933929527e+000
  +2.72254289744345534530e+000
  +2.61738860006645612799e+000
  +2.41753956669143388325e+000
  +2.14255841281294179268e+000
  +1.81936220963800066031e+000
  +1.47958765336854436434e+000
  +1.15661127480876713136e+000
  +8.81772462933764100690e-001
  +6.82057369661657197923e-001
  +5.77239581353023223365e-001
  +5.77452329616806481205e-001
  +6.82656471684431220837e-001
  +8.82551348653197953453e-001
  +1.15756950376334732944e+000
  +1.48070964866718313147e+000
</dep>
<dep in.Vt time>
  +1.64999999999999946709e+000
  +1.84427435573286491177e+000
  +2.14693263996429006824e+000
  +2.41873709565620576001e+000
  +2.61795008643489746092e+000
  +2.72270721998863729496e+000
  +2.72254121809038585056e+000
  +2.61738177551910622398e+000
  +2.41752758033149062200e+000
  +2.14254235077310140056e+000
  +1.81934363308270752313e+000
  +1.47956837928712614527e+000
  +1.15647615981398277363e+000
  +8.81754007722388211121e-001
  +6.82072519862084059028e-001
  +5.77250898285216806904e-001
  +5.77451965735005678937e-001
  +6.82643151542206894078e-001
  +8.82546977384180308945e-001
  +1.15754165918935925106e+000
  +1.48064014028646950827e+000
  +1.82041264512621681071e+000
  +2.14350579299557786328e+000
  +2.41819474777735443638e+000
  +2.61792984107795190241e+000
  +2.72271665903437520839e+000
  +2.72254384160087736788e+000
  +2.61738871999631816934e+000
  +2.41762087491839494646e+000
  +2.14248505710840309035e+000
  +1.81935289176475056827e+000
  +1.47958646978285890405e+000
  +1.15649409457731389139e+000
  +8.81593408080290963369e-001
  +6.82043223334724113549e-001
  +5.77279919522206252935e-001
  +5.77459830173627897132e-001
  +6.82651188921727714032e-001
  +8.82468345163442968726e-001
  +1.15735472146772222501e+000
  +1.48073351918242535064e+000
  +1.82042249763135632890e+000
  +2.14350704449189777279e+000
  +2.41829154554943581701e+000
  +2.61787131580527621111e+000
  +2.72270922496942224811e+000
  +2.72255186286570483034e+000
  +2.61734901628941241114e+000
  +2.41753453863507594690e+000
  +2.14255777413334458359e+000
  +1.81936212851090250986e+000
  +1.47958764306352197337e+000
  +1.15649424361112740378e+000
  +8.81593428711790250141e-001
  +6.82043226169196770137e-001
  +5.77279919882235037498e-001
  +5.77459830223512771141e-001
  +6.82651188928595109573e-001
  +8.82468345164346690268e-001
  +1.15735472146806106508e+000
  +1.48073351918172413377e+000
  +1.82042249763102748084e+000
  +2.14350704449185691658e+000
  +2.41829154554943537292e+000
  +2.61787131580527931973e+000
  +2.72270922496941025770e+000
  +2.72254289730246146206e+000
  +2.61738860004855755648e+000
  +2.41753956668916325512e+000
  +2.14255841281264558518e+000
  +1.81936220963796180250e+000
  +1.47958765336854258798e+000
  +1.15649424492010699517e+000
  +8.81593428892996966439e-001
  +6.82043226194094853732e-001
  +5.77279919885391290535e-001
  +5.77446852548411215800e-001
  +6.82631639700445269625e-001
  +8.82559858229243654471e-001
  +1.15754463150397790550e+000
  +1.48075503909778349865e+000
  +1.82042676102728240295e+000
  +2.14350758604191371504e+000
  +2.41829161433883310650e+000
  +2.61787132454312931884e+000
  +2.72270922607933929527e+000
  +2.72254289744345534530e+000
  +2.61738860006645612799e+000
  +2.41753956669143388325e+000
  +2.14255841281294179268e+000
  +1.81936220963800066031e+000
  +1.47958765336854436434e+000
  +1.15661127480876713136e+000
  +8.81772462933764100690e-001
  +6.82057369661657197923e-001
  +5.77239581353023223365e-001
  +5.77452329616806481205e-001
  +6.82656471684431220837e-001
  +8.82551348653197953453e-001
  +1.15756950376334732944e+000
  +1.48070964866718313147e+000
</dep>
<dep out.Vt time>
  +1.64999999999999991118e+000
  +1.84137422952658047492e+000
  +2.14395312706987706264e+000
  +2.41632408095775330636e+000
  +2.61639269731722023948e+000
  +2.72216375563158230477e+000
  +2.72306648790650873693e+000
  +2.61892425026436148627e+000
  +2.41993625820504210111e+000
  +2.14558145186749937849e+000
  +1.82271566878726232197e+000
  +1.48294327122459268509e+000
  +1.15952355004368690139e+000
  +8.84176801460637040719e-001
  +6.83630359125062758707e-001
  +5.77793528677196466248e-001
  +5.76926560192585036191e-001
  +6.81101173154207262250e-001
  +8.80139784132605851319e-001
  +1.15450423093372056549e+000
  +1.47726778147098714022e+000
  +1.81703737533955478334e+000
  +2.14045804340326251136e+000
  +2.41577093363886152844e+000
  +2.61637204882692175900e+000
  +2.72217338263123886932e+000
  +2.72306916365735451890e+000
  +2.61893133302268177331e+000
  +2.42003141050972603310e+000
  +2.14552301734926365029e+000
  +1.82272511183175178751e+000
  +1.48296172194525111010e+000
  +1.15954184193093934319e+000
  +8.84013003896553684058e-001
  +6.83600479233955060643e-001
  +5.77823127796244118137e-001
  +5.76934581230941656571e-001
  +6.81109370577127726243e-001
  +8.80059586156775264243e-001
  +1.15431357083610497405e+000
  +1.47736301976351769305e+000
  +1.81704742403157459840e+000
  +2.14045931981985981807e+000
  +2.41586965888549887183e+000
  +2.61631235817645713126e+000
  +2.72216580053631851399e+000
  +2.72307734464469985980e+000
  +2.61889083872025540956e+000
  +2.41994335506505287015e+000
  +2.14559718234363838718e+000
  +1.82273453250355399469e+000
  +1.48296291858873119374e+000
  +1.15954199393237122884e+000
  +8.84013024938875013881e-001
  +6.83600482124868902289e-001
  +5.77823128163442278904e-001
  +5.76934581281819958143e-001
  +6.81109370584131235127e-001
  +8.80059586157697637532e-001
  +1.15431357083645003136e+000
  +1.47736301976280270942e+000
  +1.81704742403123797878e+000
  +2.14045931981981807368e+000
  +2.41586965888549798365e+000
  +2.61631235817646023989e+000
  +2.72216580053630607949e+000
  +2.72306820055570497630e+000
  +2.61893121068647483085e+000
  +2.41994848323969113935e+000
  +2.14559783374056811667e+000
  +1.82273461524604662998e+000
  +1.48296292909894922296e+000
  +1.15954199526741597026e+000
  +8.84013025123690066032e-001
  +6.83600482150262256376e-001
  +5.77823128166661814653e-001
  +5.76921345190248291424e-001
  +6.81089432084214019270e-001
  +8.80152921466020865537e-001
  +1.15450726243421297745e+000
  +1.47738496819172615560e+000
  +1.81705177232188352932e+000
  +2.14045987215342803367e+000
  +2.41586972904465691059e+000
  +2.61631236708830172688e+000
  +2.72216580166833610477e+000
  +2.72306820069950594743e+000
  +2.61893121070473000600e+000
  +2.41994848324200706458e+000
  +2.14559783374087009733e+000
  +1.82273461524608615392e+000
  +1.48296292909895122136e+000
  +1.15966135550033389023e+000
  +8.84195624159296311717e-001
  +6.83614907248003222939e-001
  +5.77781986397886360152e-001
  +5.76926931320141500592e-001
  +6.81114758532238462330e-001
  +8.80144242444016788873e-001
  +1.15453262995959970993e+000
  +1.47733867392937279206e+000
</dep>
